0.00 0.00
0.20 1.93
0.40 3.78
0.60 5.57
0.80 7.30
1.00 8.96
1.20 10.57
1.40 12.11
1.60 13.60
1.80 15.04
2.00 16.42
2.20 17.76
2.40 19.04
2.60 20.28
2.80 21.48
3.00 22.63
3.20 23.74
3.40 24.81
3.60 25.84
3.80 26.84
4.00 27.80
4.20 28.72
4.40 29.61
4.60 30.47
4.80 31.30
5.00 32.10
5.20 32.87
5.40 33.61
5.60 34.32
5.80 35.01
6.00 35.68
6.20 36.32
6.40 36.94
6.60 37.53
6.80 38.10
7.00 38.66
7.20 39.19
7.40 39.70
7.60 40.20
7.80 40.68
8.00 41.14
8.20 41.58
8.40 42.01
8.60 42.42
8.80 42.82
9.00 43.20
9.20 43.57
9.40 43.93
9.60 44.27
9.80 44.60
10.00 44.92
